0.0 1 0 0 0 0 0
0.10135067091323435 1 0 0 0 0 0
0.20263032289221883 1 0 0 0 0 0
0.30397081398405135 1 0 0 0 0 0
0.40543405478820205 1 0 0 0 0 0
0.5067984499037266 1 0 0 0 0 0
0.6081701319199055 1 0 0 0 0 0
0.7095374728087336 1 0 0 0 0 0
0.8109637619927526 1 0 0 0 0 0
0.9122982060071081 1 0 0 0 0 0
1.0136891978327185 1 0 0 0 0 0
1.115075651789084 1 0 0 0 0 0
1.2164637909736484 1 0 0 0 0 0
1.3178480118513107 1 0 0 0 0 0
1.4191680869553238 1 0 0 0 0 0
1.5205317449290305 1 0 0 0 0 0
1.62191305286251 1 0 0 0 0 0
1.723287614993751 1 0 0 0 0 0
1.8246806128881872 1 0 0 0 0 0
1.926065593957901 1 0 0 0 0 0
2.027456131996587 1 0 0 0 0 0
2.128831759793684 1 0 0 0 0 0
2.2302124418783933 1 0 0 0 0 0
2.331577243981883 1 0 0 0 0 0
2.432972284965217 1 0 0 0 0 0
2.534350572852418 1 0 0 0 0 0
2.635734900832176 1 0 0 0 0 0
2.737114362884313 1 0 0 0 0 0
2.8384935408830643 1 0 0 0 0 0
2.939874882809818 1 0 0 0 0 0
3.04123396682553 1 0 0 0 0 0
3.142582884989679 1 0 0 0 0 0
3.2439691128674895 1 0 0 0 0 0
3.345373287796974 1 0 0 0 0 0
3.446722692809999 1 0 0 0 0 0
3.5480404479894787 1 0 0 0 0 0
3.6496179858222604 1 0 0 0 0 0
3.750847223913297 1 0 0 0 0 0
3.852193985832855 1 0 0 0 0 0
3.953595520928502 1 0 0 0 0 0
4.054992318851873 1 0 0 0 0 0
4.156370389973745 1 0 0 0 0 0
4.257754014804959 1 0 0 0 0 0
4.359140942804515 1 0 0 0 0 0
4.460516734980047 1 0 0 0 0 0
4.5619122858624905 1 0 0 0 0 0
4.663258223794401 1 0 0 0 0 0
4.7646607318893075 1 0 0 0 0 0
4.866004809970036 1 0 0 0 0 0
4.967290588887408 1 0 0 0 0 0
5.076711175963283 1 0 0 0 0 0
5.181715330807492 1 0 0 0 0 0
5.282992858905345 1 0 0 0 0 0
5.384118493879214 1 0 0 0 0 0
5.485309671843424 1 0 0 0 0 0
5.586552415974438 1 0 0 0 0 0
5.687625527847558 1 0 0 0 0 0
5.788905101828277 1 0 0 0 0 0
5.890054579824209 1 0 0 0 0 0
5.991253640968353 1 0 0 0 0 0
6.0924655988346785 1 0 0 0 0 0
6.19313211995177 1 20963 0 0 0 0
6.293124585878104 1 6688696 0 0 0 0
6.393075902946293 1 10803825 0 0 0 0
6.493032559985295 1 16510658 1 162.51 156.0 426.0
6.592994819860905 2 25377607 1 189.41 100.0 361.0
6.692947305971757 2 33008680 1 256.71 83.0 315.0
6.792909735813737 2 34702892 1 254.48 70.0 253.0
6.892897981917486 2 36315472 1 311.2 58.0 201.0
6.992828838992864 3 48471020 1 324.43 51.0 198.0
7.0928207819815725 3 52475279 1 319.04 48.0 203.0
7.192766391905025 3 51505534 1 330.22 46.0 262.0
7.292687691980973 3 51851145 1 340.26 46.0 292.0
7.392674804897979 3 53447593 1 368.81 46.0 276.0
7.49262212193571 3 53899347 1 367.47 46.0 261.0
7.5925751850008965 3 52723928 1 404.33 46.0 259.0
7.692541387863457 3 52564140 1 337.63 46.0 268.0
7.792493077926338 3 50830520 1 329.17 46.0 295.0
7.892437880858779 3 50451958 1 310.01 46.0 296.0
7.992410503793508 3 50224700 1 301.69 46.0 293.0
8.092365357792005 3 49212865 1 297.65 46.0 296.0
8.192286746809259 3 47777639 1 289.46 46.0 300.0
8.292280866997316 3 48624741 1 311.38 46.0 304.0
8.392249769996852 3 46670430 1 290.25 46.0 332.0
8.49221170693636 3 45755271 1 290.04 46.0 362.0
8.592160183936357 3 45647306 1 286.97 46.0 365.0
8.692110706819221 3 48207827 1 314.63 45.0 365.0
8.79206689982675 3 51154802 1 329.15 45.0 365.0
8.891945995856076 3 49862011 1 312.7 45.0 365.0
8.99201350286603 3 49954590 1 308.61 45.0 365.0
9.091963935876265 3 49159685 1 299.6 46.0 364.0
9.191922845784575 3 46727560 1 289.17 46.0 365.0
9.291862501995638 3 45037120 1 281.15 46.0 366.0
9.391829108819366 3 44476962 1 277.0 45.0 366.0
9.491762175923213 3 44619319 1 281.52 45.0 366.0
9.591728891944513 3 44841349 1 280.94 45.0 367.0
9.691681094933301 3 44875836 1 283.97 45.0 367.0
9.791518551995978 3 45115520 1 287.06 45.0 367.0
9.891594207845628 3 45020732 1 320.77 45.0 367.0
9.991557944798842 3 45292016 1 283.18 46.0 368.0
10.09151614177972 3 46189129 1 291.51 45.0 368.0
10.191465810872614 3 47906429 1 324.77 45.0 368.0
10.291444910923019 3 48909381 1 347.93 45.0 368.0
10.391389817930758 3 46274334 1 285.27 46.0 368.0
10.491347567876801 3 45393074 1 285.96 46.0 368.0
10.591311557916924 3 45087601 1 284.04 46.0 368.0
10.691150003811345 3 44896191 1 281.63 46.0 368.0
10.791230633854866 3 44808942 1 324.01 46.0 368.0
10.891185043845326 3 43829704 1 250.69 46.0 368.0
10.991135216783732 3 48480920 1 328.27 46.0 368.0
11.091084779938683 3 51326174 1 339.72 46.0 368.0
11.191045796964318 3 50930993 1 325.17 46.0 368.0
11.291001895908266 3 49402414 1 298.37 46.0 368.0
11.39095289981924 3 46682434 1 285.81 46.0 368.0
11.490917009999976 3 45692156 1 284.14 46.0 368.0
11.590918619884178 3 45368726 1 280.99 46.0 368.0
11.690851915860549 3 44574229 1 308.72 46.0 368.0
11.79079689597711 3 47542083 1 303.85 46.0 368.0
11.890745238866657 3 46239730 1 290.76 46.0 368.0
11.990705698961392 3 45860062 1 288.15 46.0 368.0
12.090665135998279 3 45758941 1 284.75 46.0 369.0
12.190627508796751 3 46765850 1 303.52 46.0 369.0
12.290512424893677 3 49279749 1 302.53 46.0 369.0
12.39055576780811 3 46953924 1 335.4 46.0 369.0
12.490517084952444 3 48435706 1 306.01 45.0 369.0
12.590480647981167 3 49148122 1 286.15 45.0 368.0
12.69041959499009 3 47492463 1 285.12 45.0 368.0
12.790384063962847 3 45832554 1 286.88 45.0 369.0
12.89033421780914 3 45424255 1 283.39 46.0 369.0
12.990288257831708 3 45776045 1 286.9 46.0 369.0
13.090277757961303 3 49147170 1 370.73 46.0 369.0
13.190266543999314 3 50015698 1 337.85 46.0 369.0
13.29018933698535 3 49408271 1 356.56 46.0 369.0
13.390156516805291 3 46556460 1 326.42 46.0 369.0
13.490132916951552 3 45426032 1 288.9 46.0 369.0
13.590093466918916 3 43598915 1 285.22 46.0 369.0
13.690043529961258 3 47428098 1 310.0 46.0 369.0
13.7899972028099 3 51127208 1 341.96 46.0 369.0
13.88994830683805 3 49065974 1 289.31 46.0 369.0
13.989899172913283 3 50715892 1 345.94 46.0 369.0
14.08997748279944 3 52323036 1 338.69 46.0 368.0
14.189803272951394 3 51424647 1 326.45 46.0 368.0
14.28977407887578 3 51965726 1 330.88 46.0 368.0
14.389729532878846 3 50269126 1 296.82 46.0 368.0
14.489591115852818 3 47097715 1 248.96 46.0 368.0
14.589556061895564 3 40170939 1 192.7 46.0 368.0
14.68960559880361 2 24941291 1 93.23 46.0 368.0
14.789592794841155 2 15672699 1 93.53 46.0 368.0
14.889522154815495 1 12121565 1 95.74 46.0 369.0
14.98948266194202 1 11144690 1 95.75 46.0 369.0
15.089401217876002 1 10901769 1 95.92 46.0 369.0
15.189382694894448 1 10803705 1 95.95 46.0 369.0
15.289328421000391 1 10774359 1 95.74 46.0 369.0
15.389297590823844 2 20284784 1 190.34 46.0 369.0
15.489268504781649 2 29330310 1 274.87 46.0 369.0
15.589239707915112 2 34476368 1 336.07 46.0 369.0
15.68912949692458 3 39989174 1 287.89 46.0 369.0
15.789134946884587 3 44408928 1 283.48 46.0 369.0
15.889070890843868 3 47592579 1 315.6 46.0 369.0
15.989056641003117 3 51030514 1 330.87 46.0 369.0
16.09155517979525 3 49411028 1 284.54 46.0 369.0
16.188984136795625 3 47678031 1 208.0 46.0 369.0
16.288893039803952 3 49202849 1 313.17 46.0 369.0
16.38884005579166 3 46823441 1 282.97 46.0 369.0
16.488741802982986 3 49013914 1 282.32 46.0 369.0
16.58880046987906 3 55467818 2 458.61 106.0 446.5
16.688776135910302 4 66708520 2 505.76 74.0 353.5
16.788774152984843 4 77287949 2 589.31 68.0 312.0
16.88877504877746 5 82355895 2 604.8599999999999 60.0 299.5
16.988732345867902 5 93978765 2 652.22 55.0 295.5
17.088666795985773 5 97408015 2 702.9300000000001 50.5 288.5
17.18868957599625 5 95058207 2 588.77 48.5 289.0
17.288693755865097 5 91223723 2 564.65 47.5 303.0
17.388650538865477 5 90912537 2 589.25 47.0 305.5
17.488611854845658 5 88681274 2 559.51 46.5 324.0
17.58861083490774 5 90113359 2 658.29 46.0 335.5
17.688580311834812 5 96030894 2 672.47 46.0 335.5
17.788619364844635 5 99026011 2 695.6 46.0 333.5
17.888601121958345 5 99294898 2 682.95 46.0 331.5
17.98856569081545 5 99529422 2 682.21 46.0 333.0
18.08855168777518 5 93574667 2 548.8399999999999 46.0 332.0
18.188514097826555 5 89908688 2 567.03 46.0 332.0
18.288508981000632 5 90672860 2 557.71 45.5 333.5
18.38844620785676 5 89534211 2 574.6600000000001 45.5 339.0
18.488351336913183 5 93137283 2 610.33 45.5 350.5
18.588393893791363 5 93843245 2 598.95 45.5 355.5
18.68835518695414 5 94597099 2 615.31 45.5 358.0
18.788415440823883 5 97439266 2 641.26 45.5 365.0
18.88831091998145 5 98973489 2 687.56 45.5 365.0
18.988370766863227 5 98244244 2 612.1099999999999 45.5 366.0
19.08830290683545 5 97813334 2 650.7 45.5 366.0
19.188256359891966 5 97412723 2 643.09 45.5 366.5
19.288253576960415 5 95690609 2 625.3199999999999 45.5 366.5
19.388252635952085 5 94832794 2 626.22 45.5 367.0
19.48829912999645 5 95054376 2 621.87 45.5 367.5
19.58824282279238 5 94626678 2 596.74 46.0 367.5
19.688256909837946 5 95303947 2 613.74 46.0 367.5
19.78826946998015 5 94497161 2 661.54 46.0 367.5
19.888334375806153 5 92094603 2 548.38 46.0 367.5
19.98826591297984 5 92457562 2 635.97 46.0 367.5
20.08825946878642 5 91981395 2 577.8299999999999 46.0 368.0
20.188217271817848 5 93409255 2 589.9300000000001 46.0 368.0
20.288222971837968 5 93668764 2 561.08 46.0 368.0
20.38821689877659 5 92702567 2 583.71 46.0 368.0
20.488194345962256 5 92919359 2 592.15 46.0 367.5
20.58821712480858 5 94339503 2 604.0799999999999 46.0 367.5
20.68814835185185 5 94045237 2 606.46 46.0 368.0
20.78820185898803 5 95284665 2 611.76 46.0 368.0
20.8881516919937 5 94627509 2 596.25 46.0 368.0
20.987997537944466 5 96013997 2 609.4000000000001 46.0 368.0
21.087978447787464 5 98016848 2 643.04 46.0 368.0
21.18794131791219 5 98070429 2 627.46 46.0 368.0
21.287786127999425 5 98503190 2 641.46 46.0 368.0
21.387793490896 5 96187404 2 587.55 46.0 368.5
21.4879033039324 5 96622223 2 672.81 46.0 368.5
21.5878916378133 5 96035612 2 611.28 46.0 368.5
21.687878293916583 5 86454572 2 477.21000000000004 46.0 368.5
21.787799033802003 4 69984287 2 320.98 46.0 368.5
21.887788246851414 4 66862031 2 413.32 46.0 368.5
21.987890493823215 4 67761786 2 416.19 46.0 368.0
22.087717306800187 4 68040347 2 419.44 46.0 368.5
22.187560649821535 4 67296167 2 426.38 46.0 368.5
22.287645059870556 4 66941124 2 470.79 46.0 368.5
22.387600872898474 4 63322491 2 377.63 46.0 368.5
22.487545549869537 4 65301826 2 481.95000000000005 46.0 368.5
22.587555792881176 4 69476762 2 476.92 46.0 368.5
22.687565522966906 4 74832965 2 556.53 46.0 369.0
22.787524042883888 4 78309470 2 580.79 46.0 369.0
22.88746675592847 5 87115111 2 605.6 46.0 369.0
22.98745568585582 5 94354941 2 623.95 46.0 369.0
23.08745680283755 5 97292538 2 637.78 46.0 369.0
23.187499018851668 5 98288721 2 647.52 46.0 369.0
23.287443791981786 5 98155745 2 647.4000000000001 46.0 369.0
23.38744119182229 5 99492496 2 679.41 46.0 368.5
23.48744516586885 5 98604692 2 629.44 46.0 368.5
23.587445591809228 5 98180977 2 628.96 46.0 368.5
23.687442221911624 5 98245073 2 641.0699999999999 46.0 368.5
23.78762100194581 5 99532143 2 653.82 46.0 368.5
23.88743826886639 5 97251682 2 584.3 46.0 368.5
23.987494794884697 5 89817037 2 506.75 46.0 368.5
24.087424244964495 5 77652638 2 382.55 46.0 368.5
24.187365987803787 4 66941716 2 398.02 46.0 368.5
24.287350561004132 4 67646081 2 409.74 46.0 369.0
24.387306997785345 4 67641611 2 404.01 46.0 369.0
24.48726036492735 4 66982614 2 390.98 46.0 369.5
24.587238513864577 4 66168621 2 451.51 46.0 369.5
24.68729365384206 4 65839133 2 387.77000000000004 46.5 369.5
24.78724026400596 4 69159989 2 495.72 46.5 370.0
24.88720681797713 4 73816699 2 483.99 46.5 370.0
24.9872398909647 4 78398786 2 576.26 46.5 370.0
25.08723018085584 5 87262613 2 621.49 46.5 369.5
25.187210560776293 5 95112550 2 616.8699999999999 46.5 369.5
25.287170303985476 5 95095209 2 588.98 46.5 369.5
25.38715185993351 5 95066679 2 577.37 46.5 369.5
25.48716341983527 5 93712709 2 562.7 46.5 369.5
25.587215829873458 5 95335954 2 612.7 46.5 369.5
25.687146989861503 5 95401626 2 580.96 46.5 369.5
25.78714734991081 5 94797030 2 589.05 46.5 369.5
25.88714893278666 5 94531828 2 570.8299999999999 46.5 369.5
25.987127992790192 5 92887066 2 597.52 46.5 369.5
26.087151399813592 5 94113042 2 574.0 46.5 369.5
26.18717756588012 5 95879367 2 621.21 46.5 369.5
26.287127655930817 4 74319949 2 466.35 46.5 369.5
26.387004451826215 5 85591107 2 585.62 46.5 369.5
26.48712260881439 5 98617812 3 743.45 62.333333333333336 355.3333333333333
26.587138012982905 6 113243158 3 860.3 58.666666666666664 320.6666666666667
26.68712962884456 6 121253785 3 834.73 55.333333333333336 314.3333333333333
26.78707469580695 7 132883605 3 859.6099999999999 51.666666666666664 312.6666666666667
26.88712399592623 7 134137567 3 832.12 50.0 312.3333333333333
26.987119851866737 7 130520464 3 738.13 47.333333333333336 312.3333333333333
27.087111791828647 7 125206834 3 677.51 46.333333333333336 312.3333333333333
27.187052488792688 6 114546755 3 597.76 45.666666666666664 312.3333333333333
27.28707592887804 6 106338330 3 636.1 45.0 312.6666666666667
27.386989621911198 6 103121407 3 598.52 45.0 312.3333333333333
27.48699240782298 6 101842828 3 597.5899999999999 44.666666666666664 312.3333333333333
27.586986420908943 6 101361768 3 593.44 44.333333333333336 312.6666666666667
27.686984814936295 6 103195365 3 610.88 44.333333333333336 313.3333333333333
27.787090724799782 6 105340604 3 631.56 44.0 315.0
27.88700594799593 6 110854209 3 701.51 44.0 317.3333333333333
27.987011183984578 6 117514165 3 942.5200000000001 44.0 321.0
28.08703581080772 6 121890448 3 879.74 44.666666666666664 322.3333333333333
28.18708855798468 7 135284409 3 915.48 45.0 328.0
28.2869911279995 7 136184898 3 870.17 45.333333333333336 331.0
28.387012970866635 7 136784283 3 888.98 45.333333333333336 343.6666666666667
28.486992093967274 7 138366567 3 897.55 45.666666666666664 347.0
28.587108684005216 7 137152417 3 826.3699999999999 45.666666666666664 348.6666666666667
28.68697735387832 7 135511377 3 869.03 45.666666666666664 350.3333333333333
28.786898456979543 7 135269019 3 845.36 46.0 356.3333333333333
28.887029273901135 7 136057231 3 828.5 46.0 368.0
28.9870263338089 7 135877162 3 844.94 46.0 369.0
29.086896863998845 7 136078171 3 858.52 46.0 369.3333333333333
29.18702243291773 7 136128958 3 853.4100000000001 46.0 369.6666666666667
29.2870154439006 7 137735282 3 871.4399999999999 46.333333333333336 369.6666666666667
29.386954332934693 7 137722338 3 876.82 46.333333333333336 369.6666666666667
29.486965789925307 7 136630181 3 852.05 46.333333333333336 369.6666666666667
29.586916285799816 7 135675898 3 904.97 46.333333333333336 370.0
29.6870342399925 7 136809968 3 887.53 46.333333333333336 370.0
29.787025519879535 7 140218603 3 986.9000000000001 46.333333333333336 370.0
29.887103125918657 7 142225748 3 1032.77 46.333333333333336 370.0
29.987047192873433 8 149363520 3 982.21 46.333333333333336 370.0
30.08702780981548 8 152917425 3 973.1099999999999 46.333333333333336 370.0
30.187007942935452 8 152705756 3 935.9399999999999 46.333333333333336 370.0
30.286967338994145 8 150959033 3 964.77 46.0 369.6666666666667
30.3869694089517 8 147563492 3 873.6800000000001 46.0 369.6666666666667
30.4869660618715 8 146359647 3 868.8199999999999 46.0 369.6666666666667
30.587107215775177 7 139760871 3 739.0699999999999 46.0 369.3333333333333
30.68694794899784 7 126767756 3 658.51 46.0 369.3333333333333
30.786981648998335 6 116257757 3 651.8199999999999 46.0 370.0
30.886935111833736 6 112299180 3 667.04 46.0 370.0
30.986906338948756 6 117056576 3 831.55 46.0 370.0
31.086788878776133 6 118979808 3 768.12 46.333333333333336 369.6666666666667
31.186918851919472 6 118673280 3 778.3599999999999 46.333333333333336 369.6666666666667
31.28687873482704 6 115824883 3 711.69 46.333333333333336 370.0
31.386851687915623 6 114784037 3 784.46 46.333333333333336 370.0
31.487071784911677 6 111720110 3 701.01 46.333333333333336 370.0
31.58680047793314 6 110551497 3 656.35 46.333333333333336 370.0
31.686825797893107 6 113223578 3 751.52 46.333333333333336 370.0
31.786904577864334 6 113097213 3 658.58 46.333333333333336 370.3333333333333
31.88684338494204 6 111950801 3 678.87 46.333333333333336 370.6666666666667
31.98682813392952 6 111095916 3 675.78 46.333333333333336 371.0
32.08686989080161 6 111026579 3 678.5899999999999 46.333333333333336 371.0
32.186813993845135 6 114871154 3 800.6099999999999 46.666666666666664 371.0
32.28682017396204 6 119864284 3 891.57 46.666666666666664 371.0
32.38676819088869 7 127443914 3 848.48 46.666666666666664 371.3333333333333
32.48686452396214 7 136044421 3 853.7900000000001 46.666666666666664 371.0
32.58685145387426 7 138483421 3 995.21 46.666666666666664 371.0
32.68681922694668 7 136108324 3 841.0999999999999 46.666666666666664 371.0
32.78683515987359 7 134801506 3 839.96 46.666666666666664 371.0
32.886888903798535 7 135722419 3 872.9000000000001 46.666666666666664 371.0
32.98685848689638 7 135539692 3 856.6400000000001 46.666666666666664 371.0
33.086887523997575 7 134924664 3 891.75 46.666666666666664 371.0
33.1867420328781 7 136732004 3 883.0400000000001 46.666666666666664 371.3333333333333
33.2868577928748 7 138250994 3 917.5899999999999 46.666666666666664 371.3333333333333
33.386837956961244 7 140890824 3 964.02 46.666666666666664 371.0
33.48686672281474 7 141487776 3 957.3599999999999 46.666666666666664 371.0
33.586846969788894 7 141579775 3 962.8199999999999 46.666666666666664 371.0
33.686808892991394 7 141309328 3 1009.6 46.666666666666664 371.0
33.7868085228838 7 140797120 3 890.25 46.666666666666664 371.3333333333333
33.88683677581139 7 140115572 3 881.54 46.666666666666664 371.3333333333333
33.98688488593325 7 138505787 3 869.75 46.666666666666664 371.3333333333333
34.08686596900225 7 137467753 3 874.26 46.666666666666664 371.3333333333333
34.1869430358056 7 137486139 3 893.8499999999999 46.666666666666664 371.3333333333333
34.286758618894964 7 137820667 3 871.03 46.666666666666664 371.3333333333333
34.386877208948135 7 139234848 3 926.1000000000001 46.666666666666664 371.0
34.4868233948946 7 139622430 3 894.9300000000001 46.666666666666664 371.0
34.58681626897305 7 138991607 3 916.6600000000001 46.666666666666664 371.0
34.686794601846486 7 137303514 3 878.53 46.666666666666664 371.0
34.78678758488968 7 133366798 3 785.8799999999999 46.666666666666664 371.0
34.886631625005975 7 125879896 3 703.53 46.666666666666664 371.0
34.98663125094026 7 122218976 3 695.71 46.666666666666664 371.3333333333333
35.08677612780593 7 121200466 3 699.79 46.666666666666664 371.3333333333333
35.186730194836855 7 121336030 3 708.8599999999999 46.666666666666664 371.0
35.286707954946905 7 124835648 3 763.8199999999999 46.666666666666664 371.0
35.386713064974174 7 126713959 3 871.52 46.666666666666664 371.0
35.486664830939844 7 127067687 3 767.7 46.666666666666664 371.3333333333333
35.585595052922145 7 126805357 3 830.95 46.666666666666664 371.3333333333333
35.68554132990539 7 129949341 3 790.37 46.666666666666664 371.3333333333333
35.785551122855395 7 135393522 3 887.58 46.666666666666664 371.3333333333333
35.8855389689561 7 138315497 3 939.1700000000001 46.666666666666664 371.0
35.98558546998538 7 140614740 3 963.9300000000001 46.666666666666664 371.0
36.0855840628501 7 141202343 3 946.61 46.666666666666664 371.0
36.18560654879548 7 141439948 3 968.51 46.666666666666664 371.0
36.28556475578807 7 141571804 3 906.65 46.666666666666664 371.0
36.38557117898017 8 152551353 4 1089.5500000000002 64.0 355.25
36.48562717298046 8 159764628 4 1078.9 57.75 342.75
36.58564608893357 8 162330951 4 1085.75 54.5 327.5
36.685611868975684 8 163017146 4 1130.68 53.0 324.0
36.78558742883615 8 163606856 4 1114.47 51.75 321.75
36.885632768971846 8 163394163 4 1108.9199999999998 50.75 325.0
36.98564753890969 8 163704951 4 1101.16 50.0 331.25
37.085755741922185 8 163677054 4 1062.85 49.5 334.0
37.18576552881859 9 171928508 4 1136.21 49.25 338.25
37.28568403492682 9 177230602 4 1112.5 49.0 340.75
37.38584617199376 9 178105216 4 1119.98 48.75 343.75
37.485868168994784 9 178448637 4 1141.4499999999998 48.75 352.75
37.58599510183558 9 178000409 4 1124.32 48.75 354.0
37.68601832794957 9 176986044 4 1085.5900000000001 48.75 358.75
37.78607915178873 9 175823634 4 1076.03 48.75 359.0
37.88612316478975 9 176119240 4 1069.23 48.5 369.5
37.986172357806936 9 176330654 4 1077.18 48.5 370.25
38.086160354781896 9 176263019 4 1095.2199999999998 48.5 370.5
38.18620316195302 9 177126475 4 1118.39 48.5 371.0
38.28620340186171 9 177988173 4 1151.22 48.5 371.0
38.38625679095276 9 179243863 4 1169.6799999999998 48.5 371.0
38.48628550488502 9 179088362 4 1204.91 48.5 371.25
38.58625978487544 9 179166272 4 1143.87 48.5 371.0
38.68632689490914 9 178841643 4 1137.21 48.5 371.25
38.78643509489484 9 178562977 4 1135.8 48.5 371.25
38.88646045187488 9 178657387 4 1147.85 48.25 371.25
38.98652796098031 9 178080942 4 1118.6 48.25 371.25
39.086618300992996 9 177695804 4 1133.4 48.25 371.25
39.18666544184089 9 177689282 4 1118.37 48.25 371.0
39.28663189779036 9 176293522 4 1123.46 48.25 371.25
39.38664518389851 9 176559618 4 1157.68 48.25 371.25
39.48670773091726 9 177727993 4 1182.91 48.25 371.25
39.586657114792615 9 178076035 4 1107.1499999999999 48.25 371.25
39.68685197085142 9 177986596 4 1098.0 48.25 371.25
39.7867726709228 9 178218797 4 1122.86 48.25 371.25
39.88678461778909 9 177982960 4 1126.32 48.25 371.25
39.98681188793853 9 177837522 4 1122.84 48.25 371.25
40.08694619080052 9 177815011 4 1118.8 48.25 371.25
40.18700490100309 9 177554913 4 1065.93 48.25 371.25
40.28697409084998 9 178507869 4 1148.64 48.25 371.25
40.387029960984364 9 178764251 4 1129.4099999999999 48.25 371.25
40.48718453082256 9 179185534 4 1199.6799999999998 48.25 371.25
40.58724261797033 9 178846498 4 1156.94 48.25 371.25
40.68730036378838 9 178884267 4 1149.02 48.25 371.25
40.7873575638514 9 178397171 4 1138.04 48.25 371.25
40.88738862099126 9 178083532 4 1129.89 48.25 371.75
40.98750053695403 9 177704122 4 1095.77 48.25 371.75
41.087463553994894 9 178146801 4 1118.98 48.25 371.75
41.187500406987965 9 177224128 4 1177.63 48.25 371.5
41.28748439694755 9 178010544 4 1143.1399999999999 48.25 371.25
41.38754515396431 9 178170940 4 1137.06 48.25 371.25
41.48758387379348 9 178587903 4 1143.4 48.5 371.25
41.587632946902886 9 177760763 4 1109.06 48.5 371.25
41.6876739137806 9 177696062 4 1084.58 48.5 371.25
41.78768874681555 9 178000997 4 1140.6599999999999 48.5 371.25
41.88780961697921 9 177871487 4 1098.3899999999999 48.5 371.25
41.98784593399614 9 177939841 4 1154.19 48.5 371.25
42.08779127988964 9 177186508 4 1107.44 48.5 371.25
42.18785016681068 9 177657893 4 1149.4 48.5 371.25
42.28774591279216 9 178017148 4 1209.91 48.5 371.25
42.38791521289386 9 178549716 4 1204.06 48.5 371.5
42.48781625996344 9 179166562 4 1166.9399999999998 48.5 371.5
42.58794034994207 9 178767411 4 1136.66 48.5 371.5
42.68801288981922 9 178571998 4 1128.22 48.5 371.5
42.787938022986054 9 178188882 4 1109.97 48.5 371.5
42.88801948586479 9 177851022 4 1109.59 48.5 371.5
42.98810081696138 9 178029041 4 1113.98 48.5 371.5
43.08801723597571 9 177598027 4 1115.2099999999998 48.5 371.5
43.188262769952416 9 176966307 4 1084.03 48.5 371.5
43.28832135279663 9 175929028 4 1100.18 48.5 371.5
43.38805641583167 9 176241178 4 1101.6 48.5 371.5
43.48815914592706 9 175958542 4 1082.1799999999998 48.5 371.5
43.58819153881632 9 176715351 4 1168.74 48.5 371.75
43.68815508577973 9 177871084 4 1139.33 48.25 371.75
43.78820377890952 9 178496320 4 1151.61 48.5 371.75
43.88841734896414 9 178433503 4 1101.01 48.25 371.75
43.98853798978962 9 178783504 4 1132.8 48.25 371.75
44.08855973579921 9 178769220 4 1136.92 48.5 371.75
44.18850809591822 9 177602164 4 1144.31 48.5 371.75
44.28861431591213 9 176345352 4 1130.75 48.5 371.5
44.388641968835145 9 176025327 4 1101.6 48.5 371.5
44.48867525183596 9 173535041 4 1016.2399999999999 48.25 371.5
44.58874864294194 9 173021866 4 1062.3700000000001 48.25 371.5
44.68878086889163 9 176297403 4 1125.1000000000001 48.25 371.5
44.788755281828344 9 177858522 4 1147.92 48.25 371.5
44.88888127892278 9 177844057 4 1139.48 48.25 371.75
44.98895912291482 9 177075748 4 1137.8600000000001 48.25 371.75
45.088763878913596 9 176776310 4 1132.0099999999998 48.25 371.75
45.18894767481834 9 177126185 4 1144.28 48.25 371.75
45.288966385880485 9 176760704 4 1118.33 48.25 371.75
45.389005115954205 9 176033933 4 1113.75 48.25 371.75
45.48903131484985 9 175297631 4 1152.6399999999999 48.25 371.75
45.58907489199191 9 175072983 4 1110.4499999999998 48.25 371.75
45.689113394822925 9 175003691 4 1098.1 48.25 371.75
45.78909372189082 9 174891797 4 1099.24 48.25 371.75
45.88923581200652 9 175862587 4 1112.3000000000002 48.25 371.75
45.98924130178057 9 177082418 4 1156.73 48.25 371.75
46.0892491620034 9 177530883 4 1182.63 48.25 371.75
46.18939774786122 9 177585311 4 1187.65 48.25 371.75
46.289373204810545 8 157167627 4 1030.25 48.25 371.75
46.38938049878925 8 163099539 5 1266.72 59.6 423.6
46.489462634781376 9 173346267 5 1257.51 56.6 333.0
46.58944227080792 9 177662178 5 1285.44 54.6 330.2
46.68937069782987 9 178700210 5 1307.4099999999999 54.0 329.4
46.78930466482416 9 178789927 5 1324.4599999999998 53.0 329.4
46.88952106796205 9 178525746 5 1284.32 52.4 329.8
46.9894764048513 9 178447398 5 1258.57 52.2 331.4
47.089443367905915 9 179228895 5 1256.93 52.2 337.2
47.19142994680442 9 179041925 5 1264.2500000000002 51.8 370.0
47.28943967097439 9 179275161 5 1342.25 51.8 371.6
47.38957855082117 9 179143241 5 1306.96 51.8 372.0
47.489439403871074 9 179448807 5 1252.95 51.8 372.0
47.58943284791894 9 179400005 5 1278.71 51.6 372.0
47.68938681692816 9 179580900 5 1318.37 51.6 372.0
47.78939762385562 9 179356308 5 1275.47 51.4 372.0
47.88940658979118 9 179051948 5 1264.25 51.4 372.0
47.98936379398219 9 178892363 5 1262.0700000000002 51.4 372.0
48.0894560739398 9 179240040 5 1260.91 51.4 372.2
48.189528543967754 9 179532450 5 1267.13 51.4 372.2
48.289328056853265 9 179624333 5 1272.05 51.4 372.2
48.38933912990615 9 179396353 5 1289.28 51.6 372.2
48.48933501681313 9 179652947 5 1278.0500000000002 51.4 372.2
48.589488262776285 9 179261815 5 1267.91 51.6 372.2
48.68932873988524 9 178945839 5 1240.96 51.6 372.2
48.789381365990266 9 178674252 5 1275.64 51.6 372.4
48.88951637293212 9 178190767 5 1241.11 51.6 372.6
48.98964592278935 9 178177567 5 1250.45 51.6 372.6
49.08956843591295 9 179031163 5 1230.72 51.6 372.6
49.18970730295405 9 178550118 5 1308.7600000000002 51.6 372.6
49.28973028995097 9 178661967 5 1261.75 51.4 372.6
49.3895957628265 9 179464074 5 1281.35 51.4 372.6
49.489594485843554 9 179275297 5 1285.9 51.4 372.6
49.58974379277788 9 179280878 5 1304.73 51.4 372.8
49.6899706129916 9 179387314 5 1287.47 51.4 372.8
49.78956927591935 9 179313205 5 1279.46 51.4 372.8
49.88981396891177 9 179381385 5 1291.3500000000001 51.4 372.8
49.98965305881575 9 179666178 5 1270.65 51.4 372.8
50.089710774831474 9 179760673 5 1262.26 51.4 372.8
50.18969341600314 9 179287721 5 1214.24 51.4 372.6
50.28965863888152 9 179110901 5 1224.6299999999999 51.4 372.6
50.38996066595428 9 178662739 5 1232.54 51.4 372.8
50.48977684881538 9 178337702 5 1229.7 51.4 373.0
50.58989595598541 9 178620600 5 1242.43 51.6 373.0
50.68966803885996 9 179028980 5 1226.8 51.6 373.0
50.789774941978976 9 179143595 5 1279.82 51.6 373.0
50.88977802195586 9 179386589 5 1256.13 51.6 373.2
50.98966276785359 9 179610706 5 1251.8600000000001 51.6 373.2
51.08977925195359 9 179432761 5 1242.79 51.6 373.2
51.18967435788363 9 179717948 5 1269.39 51.6 373.2
51.28962483094074 9 179575369 5 1265.6599999999999 51.6 373.2
51.38967182394117 9 179646418 5 1270.93 51.6 373.2
51.48978689778596 9 179604185 5 1254.92 51.6 373.2
51.58971999795176 9 179537696 5 1275.1599999999999 51.8 373.2
51.68972900696099 9 179747194 5 1270.96 51.8 373.2
51.78970520780422 9 179715475 5 1266.6 52.0 373.2
51.88973162090406 9 179507884 5 1264.15 52.0 373.2
51.98967267386615 9 179681902 5 1262.45 52.0 373.2
52.089742390904576 9 179582195 5 1293.48 52.0 373.2
52.18960805400275 9 179909743 5 1299.94 52.0 373.2
52.28975950088352 9 179458307 5 1281.8700000000001 52.0 373.2
52.38971105683595 9 179426276 5 1271.29 52.0 373.2
52.48962677689269 9 179539309 5 1269.67 52.0 373.2
52.589602747000754 9 179355085 5 1262.04 52.0 373.2
52.6897020698525 9 179324595 5 1273.1499999999999 52.0 373.2
52.78971646283753 9 179096477 5 1216.41 52.0 373.2
52.88966519292444 9 179537211 5 1242.25 52.0 373.2
52.98970307596028 9 179401889 5 1261.1200000000001 52.0 373.2
53.08966202288866 9 179298425 5 1305.58 52.0 373.4
53.189670922933146 9 178934696 5 1281.96 52.0 373.4
53.28956907289103 9 178593414 5 1198.92 51.8 373.4
53.38967399299145 9 178708108 5 1232.5600000000002 51.8 373.4
53.48972696298733 9 179208162 5 1278.47 51.8 373.4
53.589748955797404 9 179381812 5 1229.3500000000001 51.8 373.4
53.689700001850724 9 179150139 5 1235.03 51.8 373.2
53.78969744592905 9 179117980 5 1250.89 51.8 373.2
53.88966438593343 9 178918683 5 1237.11 51.8 373.4
53.989775851834565 9 179388307 5 1261.54 51.8 373.4
54.08972466480918 9 179359530 5 1334.92 51.8 373.4
54.18970511900261 9 179023108 5 1264.5300000000002 51.8 373.4
54.28974432195537 9 179092096 5 1226.51 51.8 373.4
54.38986858492717 9 179568931 5 1270.9299999999998 51.8 373.4
54.48997882893309 9 179331838 5 1236.37 51.8 373.4
54.589898568810895 9 178882015 5 1232.46 51.8 373.6
54.68996483879164 9 178990442 5 1263.48 51.8 373.6
54.78995591797866 9 180001723 5 1248.59 51.8 373.6
54.889941757777706 9 180080243 5 1280.8 51.8 373.6
54.990019698860124 9 179733440 5 1240.8100000000002 51.8 373.6
55.089959064964205 9 179510572 5 1308.49 51.8 373.6
55.190554841887206 9 180706600 5 1264.83 51.8 373.6
55.29032515198924 9 179838001 5 1259.96 51.8 373.6
55.39023878192529 9 179538360 5 1253.86 52.0 373.6
55.49017977481708 9 179413456 5 1263.3700000000001 52.0 373.6
55.590187104884535 9 179787980 5 1224.62 52.0 373.6
55.690219091949984 9 179372784 5 1276.44 52.0 373.6
55.79012868087739 9 178660517 5 1247.52 52.0 373.6
55.89011089783162 9 178963240 5 1239.74 52.2 373.6
55.99021597788669 9 179357127 5 1251.19 52.2 373.6
56.09031047089957 9 179051598 5 1236.75 52.2 373.6
56.19039560388774 9 177023308 4 1077.63 50.75 373.0
56.29044467792846 9 177642998 4 1198.6 50.75 373.0
56.39056513784453 9 177614288 4 1177.37 50.75 373.0
56.49063294380903 9 177307616 4 1179.72 50.75 373.0
56.590708440868184 9 177610200 4 1182.3 50.75 373.0
56.69080756790936 9 177096332 4 1152.33 50.75 373.0
56.79091648082249 9 176710722 4 1152.6000000000001 50.75 373.0
56.89101769099943 9 175901774 4 1125.2199999999998 50.75 373.0
56.99109876784496 9 175926747 4 1117.41 50.75 373.0
57.09114764491096 9 176631726 4 1142.6799999999998 50.75 373.0
57.19131494197063 9 176906018 4 1169.5500000000002 50.75 373.0
57.29124518786557 9 176273952 4 1204.6000000000001 50.75 373.0
57.39128530793823 9 175689274 4 1120.78 50.75 373.0
57.49129313789308 9 175675951 4 1101.8000000000002 50.75 373.0
57.59135725791566 9 176160340 4 1112.8899999999999 50.75 373.0
57.69153103395365 9 177056608 4 1171.56 50.75 373.0
57.791481741005555 9 177230232 4 1154.78 50.75 373.0
57.89168965490535 9 176895152 4 1184.79 50.75 373.0
57.991744610946625 9 177514829 4 1169.77 50.75 373.0
58.0917941108346 9 177367568 4 1150.0 50.75 373.0
58.191814094781876 9 175896052 4 1166.11 50.75 373.0
58.291835960932076 9 175815147 4 1124.0 50.75 372.75
58.39202651800588 9 176694876 4 1146.85 50.75 372.5
58.49202146497555 9 177274736 4 1214.8700000000001 50.75 372.5
58.59211364784278 9 176311660 4 1122.4099999999999 50.75 372.5
58.69219539081678 9 174570928 4 1086.0400000000002 50.75 372.75
58.79226099490188 9 169699541 4 972.8 50.75 372.75
58.89233399089426 9 166974980 4 975.38 50.75 372.75
58.992370700929314 9 165542432 4 969.8 50.75 373.0
59.09234827081673 9 164110578 4 951.46 50.75 373.0
59.19248769781552 9 163243680 4 955.6400000000001 50.75 373.0
59.29247337090783 8 157388670 4 965.67 50.5 373.0
59.39248378388584 8 154654500 4 967.3799999999999 50.5 373.0
59.49251847784035 8 156047756 4 1025.24 50.5 372.75
59.59244482382201 8 157584676 4 1034.3999999999999 50.5 373.0
59.692673480836675 8 160504122 4 1096.47 50.5 373.0
59.79270434798673 8 162090501 4 1136.9299999999998 50.5 373.0
59.892593800788745 8 161986731 4 1059.26 50.5 373.0
59.99277495080605 8 162255720 4 1121.02 50.5 373.0
60.09270656690933 8 163076004 4 1153.03 50.5 373.0
60.19293124391697 8 162745400 4 1102.3400000000001 50.5 373.0
60.292976136785 8 162526449 4 1114.3999999999999 50.5 373.0
60.39302015397698 8 163184663 4 1103.5700000000002 50.5 373.0
60.493092480814084 8 163552441 4 1205.67 50.5 373.0
60.593211526982486 8 163097285 4 1080.87 50.5 373.0
60.69328526081517 9 166045264 4 1123.05 50.5 373.0
60.793381846975535 9 175316272 4 1131.9699999999998 50.5 373.0
60.89347544382326 9 176033579 4 1102.6399999999999 50.5 373.0
60.993523550918326 9 175622750 4 1114.49 50.5 373.0
61.093587673967704 9 176141812 4 1148.81 50.5 373.0
61.193608150817454 9 175574253 4 1194.8600000000001 50.5 373.0
61.293731117853895 9 174973135 4 1169.83 50.5 373.0
61.393830263987184 9 176312486 4 1145.4699999999998 50.5 372.75
61.49416969786398 9 176683020 4 1112.81 50.5 372.75
61.594088887795806 9 177730970 4 1157.16 50.5 372.75
61.694102740846574 9 177532306 4 1145.06 50.5 372.75
61.794122053775936 9 176743830 4 1151.01 50.5 372.75
61.89416722091846 9 177006484 4 1129.37 50.5 372.75
61.994186613941565 9 174670126 4 1057.6 50.5 372.75
62.09435081691481 9 173766766 4 1089.94 50.5 372.75
62.19429500680417 9 174197261 4 1135.71 50.5 372.75
62.294326576869935 9 175238470 4 1165.08 50.5 372.75
62.39439714397304 9 177011446 4 1155.9 50.5 372.75
62.49433447699994 9 177410719 4 1161.79 50.5 372.75
62.594655400840566 9 177619387 4 1149.35 50.5 372.75
62.69450978678651 9 177460740 4 1250.46 50.5 372.75
62.79460324393585 9 176905918 4 1131.41 50.5 372.75
62.894659243989736 9 177444580 4 1130.61 50.5 372.75
62.99481545994058 9 176339728 4 1112.8200000000002 50.5 372.75
63.094848276814446 9 176774836 4 1166.22 50.5 372.75
63.19490628386848 9 176393371 4 1204.8200000000002 50.5 372.75
63.2949473739136 9 175984027 4 1146.74 50.5 372.75
63.39493709686212 9 176783516 4 1151.44 50.5 372.75
63.49496591393836 9 176569188 4 1112.31 50.5 372.75
63.59503970691003 9 176314854 4 1130.38 50.5 372.75
63.69508067285642 9 176567029 4 1190.88 50.5 372.75
63.795131949940696 9 176925475 4 1151.7 50.5 372.75
63.89535773987882 9 176877125 4 1215.66 50.5 372.75
63.99523351993412 9 176245270 4 1231.94 50.5 372.75
64.09536101692356 9 176500982 4 1155.62 50.5 372.75
64.1952333629597 9 176324273 4 1134.28 50.5 372.75
64.29535606689751 9 176227109 4 1142.96 50.5 372.75
64.39534002589062 9 176536544 4 1152.52 50.5 372.75
64.49543951684609 9 176561710 4 1134.38 50.5 372.75
64.59566734288819 9 177060985 4 1214.8600000000001 50.5 372.75
64.69556948286481 9 177772085 4 1200.44 50.5 372.75
64.7957383999601 9 177184277 4 1159.44 50.5 372.75
64.89604278979823 9 177147566 4 1155.27 50.5 372.75
64.99586916994303 9 177415751 4 1191.04 50.5 372.75
65.09613973996602 9 177545745 4 1129.46 50.5 372.75
65.1961596228648 9 177895841 4 1151.72 50.5 372.75
65.29625083692372 9 177095128 4 1153.62 50.5 372.75
65.39631350385025 9 176856713 4 1129.06 50.5 372.75
65.49631540686823 9 176909482 4 1130.34 50.5 372.75
65.59618983999826 9 176716855 4 1133.92 50.5 372.75
65.69646965386346 9 176616791 4 1184.58 50.5 372.75
65.79654063680209 9 176411477 4 1192.15 50.5 372.75
65.8965850030072 9 176940006 4 1143.54 50.5 372.5
65.99660936696455 9 176409180 4 1165.97 50.5 372.75
66.09654707694426 9 177309688 4 1167.4499999999998 50.5 372.75
66.19663439993747 9 176748437 4 1217.6399999999999 50.5 372.75
66.29662658600137 9 168444366 3 913.75 50.0 372.3333333333333
66.39664465584792 8 157752559 3 881.3399999999999 50.0 372.3333333333333
66.4968379358761 8 148159545 3 808.5899999999999 50.0 372.3333333333333
66.59684918285348 7 134612381 3 746.79 50.0 372.3333333333333
66.69684045598842 7 123982754 3 691.25 50.0 372.3333333333333
66.79685589578003 6 108261784 3 574.35 50.0 372.3333333333333
66.89706836594269 5 90093997 3 471.57 50.0 372.3333333333333
66.99683312582783 5 81666198 3 476.4 50.0 372.3333333333333
67.0968456058763 5 79565474 3 477.79 50.0 372.3333333333333
67.19680383591913 5 78854906 3 475.15999999999997 50.0 372.3333333333333
67.29681772179902 4 75097673 3 470.63 50.0 372.3333333333333
67.39703251281753 4 77588462 3 560.78 50.0 372.3333333333333
67.49684402579442 5 89103640 3 655.86 50.0 372.3333333333333
67.59679056191817 5 99192007 3 795.85 50.0 372.3333333333333
67.69674755493179 6 113437170 3 862.0699999999999 49.666666666666664 372.3333333333333
67.79699417599477 6 120983182 3 902.3199999999999 49.666666666666664 372.3333333333333
67.89687409182079 7 133887870 3 922.62 49.666666666666664 372.3333333333333
67.99687197478488 7 138609433 3 903.96 49.666666666666664 372.3333333333333
68.09699208196253 7 140646653 3 928.43 49.666666666666664 372.3333333333333
68.19692071177997 7 141248766 3 939.77 49.666666666666664 372.3333333333333
68.29690546891652 7 141561728 3 947.88 49.666666666666664 372.3333333333333
68.39696147479117 7 141696968 3 934.49 49.666666666666664 372.3333333333333
68.49688901100308 7 140163036 3 875.68 49.666666666666664 372.3333333333333
68.5969977278728 7 138222617 3 847.22 49.666666666666664 372.3333333333333
68.69701366778463 7 137962508 3 857.65 49.666666666666664 372.3333333333333
68.79706945479847 7 138951400 3 886.49 49.666666666666664 372.3333333333333
68.89709663088433 7 140911594 3 1010.3399999999999 49.666666666666664 372.3333333333333
68.99726315494627 7 140834874 3 967.24 49.666666666666664 372.3333333333333
69.09713733498938 7 139744889 3 889.71 49.666666666666664 372.3333333333333
69.19731472083367 7 139549420 3 874.44 49.666666666666664 372.3333333333333
69.29739468498155 7 139584201 3 909.05 49.666666666666664 372.3333333333333
69.39748139493167 7 138651854 3 925.26 49.666666666666664 372.3333333333333
69.49749756790698 7 138563444 3 885.03 49.666666666666664 372.3333333333333
69.59756483486854 7 139022367 3 898.02 49.666666666666664 372.3333333333333
69.69787385081872 7 140220322 3 893.4100000000001 49.666666666666664 372.3333333333333
69.79765951796435 7 140318327 3 915.48 49.666666666666664 372.3333333333333
69.89768715784885 7 140682864 3 885.44 49.666666666666664 372.3333333333333
69.99768509785645 7 140951078 3 919.79 49.666666666666664 372.3333333333333
70.09769070800394 7 141063403 3 885.59 49.666666666666664 372.3333333333333
70.19782813079655 7 141080788 3 941.4000000000001 49.666666666666664 372.3333333333333
70.29815089097247 7 141143018 3 931.0500000000001 49.666666666666664 372.3333333333333
70.3980255278293 7 140794423 3 899.1500000000001 49.666666666666664 372.3333333333333
70.49804517789744 7 140160336 3 901.4599999999999 49.666666666666664 372.3333333333333
70.59807668090798 7 140195068 3 915.96 49.666666666666664 372.3333333333333
70.69809099799022 7 139874452 3 895.5999999999999 49.666666666666664 372.3333333333333
70.79841078794561 7 138182866 3 844.8600000000001 49.666666666666664 372.3333333333333
70.89825271395966 7 137148725 3 836.6800000000001 49.666666666666664 372.3333333333333
70.99838507082313 7 137351204 3 848.02 49.666666666666664 372.3333333333333
71.09845957392827 7 139399088 3 910.6 49.666666666666664 372.3333333333333
71.19851473486051 7 140687410 3 891.26 49.666666666666664 372.3333333333333
71.29850701079704 7 140898469 3 953.9099999999999 49.666666666666664 372.3333333333333
71.39857968385331 7 140829236 3 927.11 49.666666666666664 372.3333333333333
71.49865390383638 7 140350377 3 906.08 49.666666666666664 372.3333333333333
71.59863336384296 7 140745474 3 928.06 49.666666666666664 372.3333333333333
71.69879318377934 7 138884857 3 863.4300000000001 49.666666666666664 372.3333333333333
71.79876315384172 7 137584836 3 867.1600000000001 49.666666666666664 372.3333333333333
71.89881652384065 7 138910552 3 871.98 49.666666666666664 372.3333333333333
71.99898696388118 7 138457945 3 867.1399999999999 49.666666666666664 372.3333333333333
72.0991863377858 7 137009253 3 835.25 49.666666666666664 372.3333333333333
72.19909822777845 7 136202703 3 837.4300000000001 49.666666666666664 372.3333333333333
72.29912990680896 7 136400087 3 849.2 49.666666666666664 372.3333333333333
72.39919261378236 7 136548541 3 848.2 49.666666666666664 372.3333333333333
72.49917507381178 7 136714825 3 843.0100000000001 49.666666666666664 372.3333333333333
72.59929119097069 7 135062011 3 829.7 49.666666666666664 372.3333333333333
72.69921686989255 7 137226458 3 919.6 49.666666666666664 372.3333333333333
72.79931842093356 7 137555672 3 858.0799999999999 49.666666666666664 372.3333333333333
72.89952114084736 7 137893929 3 863.81 49.666666666666664 372.3333333333333
72.99967705085874 7 138605756 3 862.83 49.666666666666664 372.3333333333333
73.09952184697613 7 139738914 3 871.64 49.666666666666664 372.3333333333333
73.1995715838857 7 141631064 3 914.53 49.666666666666664 372.3333333333333
73.29954854398966 7 142678855 3 952.23 49.666666666666664 372.3333333333333
73.39943512296304 8 152890836 3 988.05 49.666666666666664 372.3333333333333
73.49953549983911 8 156784120 3 977.27 49.666666666666664 372.3333333333333
73.5995378899388 8 155123239 3 902.73 49.666666666666664 372.3333333333333
73.69957518996671 8 154369626 3 900.69 49.666666666666664 372.3333333333333
73.79960164288059 8 152974316 3 887.12 49.666666666666664 372.3333333333333
73.89970488986 8 154947746 3 938.81 49.666666666666664 372.3333333333333
73.99965610983782 8 154670957 3 910.1799999999998 49.666666666666664 372.3333333333333
74.09971703984775 8 152755885 3 873.19 49.666666666666664 372.3333333333333
74.1996765199583 8 153062443 3 899.48 49.666666666666664 372.3333333333333
74.29973202291876 8 150590589 3 782.69 49.666666666666664 372.3333333333333
74.39972311584279 8 149351762 3 812.19 49.666666666666664 372.0
74.4997482500039 8 148245257 3 818.8400000000001 49.666666666666664 372.0
74.5997722428292 8 150452976 3 870.3799999999999 49.666666666666664 372.0
74.6997134629637 8 154203657 3 924.92 49.666666666666664 372.0
74.7999021129217 8 155599739 3 930.5699999999999 49.666666666666664 372.0
74.89974564895965 8 155979598 3 944.1700000000001 49.666666666666664 372.0
74.99992712587118 8 154083313 3 904.5799999999999 49.666666666666664 372.0
75.09990762593225 8 151327274 3 840.98 49.666666666666664 372.0
75.19992710882798 8 143344089 3 789.71 49.666666666666664 372.0
75.29987234179862 7 131854075 3 670.1899999999999 49.666666666666664 372.0
75.39991389890201 7 125660320 3 696.89 49.666666666666664 372.0
75.49987838580273 7 124448375 3 701.1 49.666666666666664 372.0
75.5999172818847 7 123796076 3 698.86 49.666666666666664 372.0
75.69984739483334 7 122892877 3 700.06 49.666666666666664 372.0
75.79990779887885 7 122879353 3 697.43 49.666666666666664 372.0
75.89990115887485 6 118238326 3 655.0699999999999 49.333333333333336 372.0
75.99990529194474 6 117994354 3 773.29 49.333333333333336 372.3333333333333
76.09991808887571 6 119905586 3 755.5899999999999 49.333333333333336 372.0
76.19991113198921 7 127558768 3 826.48 49.333333333333336 372.0
76.29992341483012 7 135051177 3 838.9200000000001 49.333333333333336 372.0
76.39978030091152 6 118480522 2 579.0799999999999 48.5 371.5
76.49995632190257 6 107645168 2 564.39 48.5 371.5
76.59992916788906 6 106013815 2 529.81 48.5 371.5
76.7004879519809 6 110065261 2 631.76 48.5 371.5
76.79998623789288 6 110886338 2 642.1500000000001 48.5 371.5
76.90003607491963 6 110741458 2 606.84 48.5 371.5
77.0000503549818 6 109233511 2 569.39 48.5 371.5
77.10011855792254 6 106741577 2 573.49 48.5 371.5
77.20010099792853 6 105166531 2 579.73 48.5 371.5
77.30007094098255 6 107129111 2 628.79 48.5 371.5
77.40008960384876 6 108152878 2 648.9200000000001 48.5 371.5
77.50011535687372 6 108380678 2 622.37 48.5 371.5
77.60009070695378 6 107595354 2 598.9100000000001 48.5 371.5
77.7001272039488 6 106575473 2 587.47 48.5 371.5
77.80020393081941 6 109958549 2 605.72 48.5 371.5
77.9002376338467 6 111123789 2 622.22 48.5 371.5
78.00028564385138 6 109224288 2 586.09 48.5 371.5
78.10028406698257 6 108655278 2 634.5 48.5 371.5
78.20029015396722 6 107173737 2 601.66 48.5 371.5
78.30026480997913 6 105272263 2 579.31 48.5 371.5
78.40031507983804 6 105980535 2 592.65 48.5 371.5
78.50027581397444 6 109259390 2 627.72 48.5 371.5
78.600303736981 6 111813771 2 634.3199999999999 48.5 371.5
78.70031652692705 6 111593615 2 624.71 48.5 371.5
78.8003306298051 6 111709773 2 626.48 48.5 371.5
78.90035593300126 6 110438225 2 618.8499999999999 48.5 371.5
79.00046911998652 6 113158709 2 677.44 48.5 371.5
79.100438546855 6 113762806 2 723.72 48.5 371.5
79.20078985998407 6 113428630 2 665.94 48.5 371.5
79.30071518290788 6 108469245 2 594.9000000000001 48.5 371.5
79.40070535289124 5 98258889 2 513.53 48.5 371.5
79.50070719700307 5 80469584 2 390.99 48.5 371.5
79.60073514282703 4 73941381 2 428.39000000000004 48.5 371.0
79.70069192280062 4 72313068 2 446.74 48.5 371.0
79.80084005277604 4 71007417 2 436.0 48.5 371.0
79.90071955579333 4 70639294 2 430.49 48.5 371.0
80.00069916900247 4 68674211 2 412.13 48.5 371.0
80.10069054597989 4 69907713 2 419.86 48.5 371.0
80.20071384892799 4 73899452 2 527.04 48.5 371.0
80.30071124900132 4 79204947 2 584.78 48.5 371.0
80.40075737191364 5 90449283 2 607.33 48.5 371.0
80.5007497088518 5 96819891 2 610.0 48.5 371.0
80.60082881595008 5 96006310 2 592.0899999999999 48.5 371.0
80.70097408187576 5 95876566 2 597.04 48.5 371.0
80.80080032488331 5 94138370 2 602.0 48.5 371.0
80.90092624886893 5 93663103 2 557.25 48.5 371.0
81.0009673058521 5 95663398 2 570.3499999999999 48.5 371.0
81.10101176192984 5 96986272 2 597.8 48.5 371.0
81.2010016348213 5 96127340 2 603.06 48.5 371.0
81.30100835883059 5 96921778 2 609.13 48.5 371.0
81.4011142118834 5 96018840 2 591.64 48.5 371.0
81.50112519878894 5 97594414 2 619.63 48.5 371.0
81.60114818485454 5 98421717 2 648.14 48.5 371.0
81.70126005192287 5 97645854 2 636.97 48.5 371.0
81.80128583777696 5 97830936 2 617.3 48.5 371.0
81.90132473199628 5 98623425 2 598.39 48.5 371.0
82.00129510485567 5 98754593 2 656.72 48.5 371.0
82.10137380799279 5 98250057 2 608.94 48.5 371.0
82.20144122187048 5 95969047 2 580.9000000000001 48.5 371.0
82.30147248785943 5 97237995 2 635.8199999999999 48.5 371.0
82.4015002748929 5 99540420 2 656.09 48.5 371.0
82.50164580484852 5 99755801 2 663.19 48.5 371.0
82.60159222478978 5 99666859 2 630.1 48.5 371.0
82.70162547496147 5 97630138 2 599.44 48.5 371.0
82.80169509490952 5 98434693 2 628.62 48.5 371.0
82.90167799778283 5 97683645 2 651.65 48.5 371.0
83.00172580196522 5 97191036 2 600.36 48.5 371.0
83.10183521080762 5 96141815 2 601.8900000000001 48.5 371.0
83.2016966638621 5 96169034 2 612.03 48.5 371.0
83.30181798478588 5 94330950 2 557.0699999999999 48.5 371.0
83.4018838449847 5 94943106 2 581.86 48.5 371.0
83.50190706783906 5 96823962 2 589.8399999999999 48.5 371.0
83.60191691783257 5 98012051 2 630.5999999999999 48.5 371.0
83.70197187084705 5 97674106 2 596.9200000000001 48.5 371.0
83.80200657085516 5 98024894 2 601.99 48.5 371.0
83.90191806084476 5 98296018 2 608.1800000000001 48.5 371.0
84.00205320399255 5 97115532 2 589.3499999999999 48.5 371.0
84.10209342092276 5 95940567 2 578.9300000000001 48.5 371.0
84.20218268386088 5 96536875 2 632.5699999999999 48.5 371.0
84.30214124079794 5 97896634 2 606.5899999999999 48.5 371.0
84.40215857396834 5 96529987 2 591.2 48.5 371.0
84.50214683683589 5 95491365 2 591.77 48.5 371.0
84.60215265396982 5 94379736 2 572.28 48.5 371.0
84.70220401696861 5 94768338 2 582.75 48.5 371.0
84.80210450687446 5 96283467 2 634.52 48.5 371.0
84.90240975981578 5 95895816 2 575.9000000000001 48.5 371.0
85.00236319680698 5 95777636 2 583.55 48.5 371.0
85.10235139681026 5 96167863 2 640.72 48.5 371.0
85.20233360980637 5 94991707 2 580.54 48.5 371.0
85.30229459679686 5 94759838 2 587.22 48.5 371.0
85.40226813289337 5 93516396 2 567.05 48.5 371.0
85.50226160278544 5 93212488 2 571.9 48.5 371.0
85.60222401679493 5 93341289 2 578.6600000000001 48.5 371.0
85.70224504289217 5 92280932 2 572.0899999999999 48.5 371.0
85.80223960289732 5 92085757 2 565.45 48.5 371.0
85.90228349599056 5 97356064 2 648.55 48.5 371.0
86.00229113991372 5 98312299 2 595.5 48.5 371.0
86.10232437890954 5 98955543 2 657.63 48.5 371.0
86.20232437597588 5 100385616 2 690.71 48.5 371.0
86.30215968191624 5 98251772 2 636.6500000000001 48.5 371.0
86.40228197886609 5 80157415 1 357.4 48.0 371.0
86.50221608183347 4 66227442 1 353.85 48.0 371.0
86.60225709481165 4 60335191 1 308.36 48.0 371.0
86.70220073894598 3 55286211 1 294.59 48.0 371.0
86.80221087578684 3 48995671 1 290.32 48.0 371.0
86.90219171182252 3 47616503 1 284.47 48.0 371.0
87.00222179782577 3 49594946 1 313.39 48.0 371.0
87.10217636195011 3 49610949 1 278.08 48.0 371.0
87.20218286500312 3 49090533 1 283.33 48.0 371.0
87.3020013847854 3 49539639 1 322.03 48.0 371.0
87.40211567794904 3 49294306 1 301.85 48.0 371.0
87.50207009492442 3 47518635 1 286.79 48.0 371.0
87.60205859481357 3 46782968 1 287.63 48.0 371.0
87.70210752100684 3 45323428 1 300.23 48.0 371.0
87.80207708780654 3 47425541 1 296.36 48.0 371.0
87.90213273395784 3 46739485 1 287.17 48.0 371.0
88.00211647083052 3 47652768 1 312.93 48.0 371.0
88.10214398382232 3 51171267 1 333.67 48.0 371.0
88.20217199390754 3 52762949 1 341.19 48.0 371.0
88.30208958080038 3 52522922 1 332.08 48.0 371.0
88.40210923389532 3 51999531 1 322.17 48.0 371.0
88.50210412382148 3 51866358 1 324.57 48.0 371.0
88.60211105388589 3 52764524 1 342.99 48.0 371.0
88.70212125685066 3 54517066 1 368.32 48.0 371.0
88.80198980681598 3 54296226 1 342.07 48.0 371.0
88.9020903238561 3 52217150 1 330.65 48.0 371.0
89.00211845291778 3 53740481 1 327.66 48.0 371.0
89.10203619278036 3 54719195 1 327.36 48.0 371.0
89.20210622996092 3 53060767 1 290.12 48.0 371.0
89.30208516679704 3 53569687 1 334.56 48.0 371.0
89.40208511287346 3 52062723 1 273.77 48.0 371.0
89.5020847688429 3 51657374 1 300.57 48.0 371.0
89.60198174300604 3 52103787 1 296.7 48.0 371.0
89.70213776291348 3 50754919 1 291.35 48.0 371.0
89.80211420892738 3 48166859 1 279.92 48.0 371.0
89.90211335290223 3 45772402 1 275.84 48.0 371.0
90.00213659298606 3 48066712 1 284.23 48.0 371.0
90.10220994590782 3 47237769 1 276.05 48.0 371.0
90.20220723585226 3 47080693 1 282.39 48.0 371.0
90.30223753582686 3 50349151 1 326.88 48.0 371.0
90.4021838218905 3 51763772 1 319.54 48.0 371.0
90.50212724599987 3 54514004 1 360.2 48.0 371.0
90.6021402948536 3 54869609 1 364.25 48.0 371.0
90.70222207182087 3 55125706 1 353.68 48.0 371.0
90.80222675180994 3 52951084 1 345.2 48.0 371.0
90.9022159918677 3 46441050 1 301.94 48.0 371.0
91.00219831778668 2 33397243 1 158.31 48.0 371.0
91.1020950479433 2 20037645 1 97.83 48.0 371.0
91.20211831480265 2 16437947 1 98.01 48.0 371.0
91.30208231182769 1 14626650 1 97.95 48.0 371.0
91.4020447449293 1 13524896 1 97.94 48.0 371.0
91.50199338397942 1 13327204 1 98.09 48.0 371.0
91.60197333386168 1 13232206 1 97.88 48.0 371.0
91.70197549788281 1 15395131 1 169.13 48.0 371.0
91.80194017780013 2 23902962 1 192.01 48.0 371.0
91.90198251395486 2 32822054 1 275.89 48.0 371.0
92.00202330085449 2 37016094 1 313.16 48.0 371.0
92.1019809038844 3 46124343 1 317.67 48.0 371.0
92.2019616109319 3 46899660 1 285.16 48.0 371.0
92.30196989397518 3 46755495 1 283.96 48.0 371.0
92.40197056694888 3 49055483 1 308.99 48.0 371.0
92.50191177986562 3 49946772 1 340.63 48.0 371.0
92.60197610687464 3 47793149 1 282.73 48.0 371.0
92.70199301280081 3 48593545 1 295.59 48.0 371.0
92.8020414467901 3 53167290 1 360.37 48.0 371.0
92.90206977981143 3 54636120 1 358.52 48.0 371.0
93.00205120700411 3 54838950 1 364.64 48.0 371.0
93.10195791278966 3 54918743 1 359.38 48.0 371.0
93.20193880284205 3 54823954 1 361.05 48.0 371.0
93.30191936995834 3 54636560 1 360.78 48.0 371.0
93.40200247988105 3 53388609 1 328.33 48.0 371.0
93.50200930284336 3 46971460 1 282.12 48.0 371.0
93.60196915594861 3 40220709 1 226.63 48.0 371.0
93.70189228584059 2 29077176 1 133.55 48.0 371.0
93.80192131595686 2 22558870 1 133.21 48.0 371.0
93.90207820595242 2 20766247 1 133.82 48.0 371.0
94.00185010489076 2 20277013 1 133.37 48.0 371.0
94.10183713492006 2 20164417 1 133.01 48.0 371.0
94.20184173597954 2 20120077 1 133.49 48.0 371.0
94.3017945617903 2 20138483 1 133.3 48.0 371.0
94.40172899793833 2 20111345 1 133.17 48.0 371.0
94.50173866190016 2 27319073 1 225.51 48.0 371.0
94.60167990182526 2 32721370 1 277.83 48.0 371.0
94.70169608481228 2 35825510 1 295.14 48.0 371.0
94.80164284491912 3 45244078 1 323.73 48.0 371.0
94.90168066392653 3 51612727 1 342.08 48.0 371.0
95.00169836496934 3 53011763 1 335.61 48.0 371.0
95.10171036492102 3 50827630 1 282.5 48.0 371.0
95.2016517939046 3 48467028 1 284.23 48.0 371.0
95.30169720086269 3 47544425 1 292.34 48.0 371.0
95.40163624682464 3 49813576 1 328.15 48.0 371.0
95.50170420086943 3 50751085 1 322.22 48.0 371.0
95.60167759680189 3 52420844 1 331.27 48.0 371.0
95.70167192979716 3 51473692 1 306.08 48.0 371.0
95.8016502498649 3 52624217 1 326.24 48.0 371.0
95.90165019081905 3 52624305 1 316.54 48.0 371.0
96.00167075986974 3 51988134 1 325.66 48.0 371.0
96.10161390993744 3 51494218 1 342.65 48.0 371.0
96.20164590980858 3 52023751 1 325.82 48.0 371.0
96.30162671697326 3 50861583 1 291.16 48.0 371.0
96.40164524898864 3 49951521 1 329.3 48.0 371.0
96.50161962583661 2 18676316 0 0 0 0
96.60158702288754 1 6802703 0 0 0 0
96.70153760979883 1 3557226 0 0 0 0
96.80156695586629 1 2747146 0 0 0 0
96.90156888286583 1 2541199 0 0 0 0
97.001602885779 1 2506256 0 0 0 0
97.10158048593439 1 2494634 0 0 0 0
97.20151694584638 1 2581815 0 0 0 0
97.30149914184585 1 2600763 0 0 0 0
97.40144210192375 1 2604041 0 0 0 0
97.50142975198105 1 2612730 0 0 0 0
97.6013570849318 1 2619548 0 0 0 0
97.70135462493636 1 2608840 0 0 0 0
97.80130515177734 1 2601767 0 0 0 0
97.90131850796752 1 2607557 0 0 0 0
98.001310181804 1 2612416 0 0 0 0
98.10129597177729 1 2615992 0 0 0 0
98.20123012783006 1 2617010 0 0 0 0
98.30122915399261 1 2599099 0 0 0 0
98.40114440093748 1 2594378 0 0 0 0
98.50115199782886 1 2604280 0 0 0 0
98.60112000093795 1 2606225 0 0 0 0
98.70109857083298 1 2613149 0 0 0 0
98.80109601700678 1 2609486 0 0 0 0
98.90109936078079 1 2608559 0 0 0 0
99.00109016080387 1 2598144 0 0 0 0
99.10107886698097 1 2576745 0 0 0 0
99.20107233291492 1 2540569 0 0 0 0
99.30105911986902 1 2553142 0 0 0 0
99.40103000984527 1 2547452 0 0 0 0
99.50100969686173 1 2559830 0 0 0 0
99.60119963996112 1 2573249 0 0 0 0
99.7010153059382 1 2578394 0 0 0 0
99.80099894595332 1 2571130 0 0 0 0
99.90100554283708 1 2585451 0 0 0 0
100.00099827884696 1 2597721 0 0 0 0
100.10095633892342 1 2587562 0 0 0 0
100.20092304586433 1 2569408 0 0 0 0
100.30090013891459 1 2580746 0 0 0 0
100.40090114879422 1 2565810 0 0 0 0
100.50089891185053 1 2567274 0 0 0 0
100.6008983918 1 2572212 0 0 0 0
100.70089248893782 1 2576185 0 0 0 0
100.80087021179497 1 2614072 0 0 0 0
100.90085055492818 1 2631525 0 0 0 0
101.000889218878 1 2632898 0 0 0 0
101.10084691178054 1 2636492 0 0 0 0
101.20084007480182 1 2625193 0 0 0 0
101.30082038789988 1 2631428 0 0 0 0
101.40083293500356 1 2626906 0 0 0 0
101.5008025248535 1 2626191 0 0 0 0
101.60077308793552 1 2638366 0 0 0 0
101.70076893782243 1 2635582 0 0 0 0
101.80076462798752 1 2634110 0 0 0 0
101.90073550399393 1 2634679 0 0 0 0
102.0008205207996 1 2628771 0 0 0 0
102.10075013688765 1 2629657 0 0 0 0
102.20071009686217 1 2638928 0 0 0 0
102.30067142681219 1 2640386 0 0 0 0
102.40068079391494 1 2647019 0 0 0 0
102.50066378386691 1 2650385 0 0 0 0
102.60066081979312 1 2640522 0 0 0 0
102.70066157681867 1 2630427 0 0 0 0
102.80070738680661 1 2645564 0 0 0 0
102.90067737991922 1 2631668 0 0 0 0
103.00065844599158 1 2622814 0 0 0 0
103.10069509292953 1 2641270 0 0 0 0
103.20071165286936 1 2624695 0 0 0 0
103.30068473587744 1 2630398 0 0 0 0
103.40066692885011 1 2628843 0 0 0 0
103.50068077282049 1 2628978 0 0 0 0
103.60067373584025 1 2626730 0 0 0 0
103.70065094297752 1 2633576 0 0 0 0
103.8006280688569 1 2639871 0 0 0 0
103.90065816882998 1 2632420 0 0 0 0
104.00066803582013 1 2640540 0 0 0 0
104.10061652190052 1 2639897 0 0 0 0
104.20066175190732 1 2629580 0 0 0 0
104.30059361900203 1 2627723 0 0 0 0
104.40062006190419 1 2626031 0 0 0 0
104.50056685181335 1 2629920 0 0 0 0
104.60061709792353 1 2620027 0 0 0 0
104.70062534185126 1 2613592 0 0 0 0
104.80062029790133 1 2593145 0 0 0 0
104.90058757178485 1 2584598 0 0 0 0
105.00056400080211 1 2581294 0 0 0 0
105.10057223797776 1 2579738 0 0 0 0
105.20053506782278 1 2574670 0 0 0 0
105.30053572100587 1 2563874 0 0 0 0
105.40057878382504 1 2577527 0 0 0 0
105.5005643509794 1 2584983 0 0 0 0
105.60057600797154 1 2585030 0 0 0 0
105.70056852791458 1 2582947 0 0 0 0
105.80058407387696 1 2574567 0 0 0 0
105.90057975100353 1 2568169 0 0 0 0
106.00057690381072 1 2564902 0 0 0 0
106.10056377388537 1 2565120 0 0 0 0
106.20051911985502 1 2581235 0 0 0 0
106.30055604991503 1 2568659 0 0 0 0
106.40055948984809 1 2566527 0 0 0 0
